121.49
120.72
122.8
125.05
122.03
122.53
126.66
125.53
123.56
126.09
124.57
125.07
126.98
123.17
124.05
126.88
126.47
129.63
127.68
127.18
133.43
130.55
131.64
129.15
131.41
133.22
131.2
134.75
133.3
134.42
134.3
139.7
136.47
134.88
139.15
135.56
138.92
135.08
136.84
140.39
141.98
141.34
141.27
141.4
139.54
141.56
142.58
146.11
145.19
141.47
146.15
145.23
145.15
148.22
149.56
149.86
146.82
148.38
150.16
151.95
149.54
150.63
149.29
149.61
154.13
155.71
153.36
156.01
155.22
153.71
156.22
159.08
156.43
160.13
152.26
159.64
158.67
158.4
159.68
156.02
160.06
161.71
164.46
160.96
160.88
162.0
165.33
164.66
163.44
166.03
165.69
167.94
165.1
166.34
166.72
165.07
169.09
169.52
169.51
169.53
